Coxeter Matrix:

[1 3 2 2 2]
[3 1 3 2 2]
[2 3 1 3 3]
[2 2 3 1 2]
[2 2 3 2 1]


Left cells:

  0 : {}
  1 : {1,31,231,431,5431}
  2 : {2,32,132,432,5432}
  3 : {3,13,23,43,543}
  4 : {4,34,54,134,234}
  5 : {5,45,345,1345,2345}
  6 : {12,312,4312,54312}
  7 : {14,154,314,2314,3154,23154,43154,243154,3243154,13243154}
  8 : {15,145,315,2315,3145,4315,23145,24315,324315,1324315}
  9 : {24,254,324,1324,3254,13254,43254,143254,3143254,23143254}
 10 : {25,245,325,1325,3245,4325,13245,14325,314325,2314325}
 11 : {35,135,235,435,1435,2435,31435,32435,132435,231435}
 12 : {123,3123,43123,543123}
 13 : {124,1254,3124,13124,23124,31254,34312,123124,134312,234312,354312,431254,1234312,1354312,2354312,4354312,12354312,31234312,312354312,4312354312}
 14 : {125,1245,3125,31245,43125,131245,231245,343125,454312,1231245,1343125,2343125,3454312,12343125,13454312,23454312,123454312,312343125,3123454312,43123454312}
 15 : {131,1231,1431,12431,15431,23123,31431,125431,231431,243123,312431,315431,1312431,2312431,2315431,2543123,3125431,3243123,4315431,12312431,13243123,32543123,43125431,132543123,432543123}
 16 : {143,1543,3143,23143,31543,231543,431543,2431543,32431543,132431543}
 17 : {232,1232,2432,12432,13123,25432,32432,125432,132432,143123,312432,325432,1312432,1325432,1543123,2312432,3125432,3143123,4325432,12312432,23143123,31543123,43125432,231543123,431543123}
 18 : {243,2543,3243,13243,32543,132543,432543,1432543,31432543,231432543}
 19 : {343,1343,2343,3543,12343,13143,13543,23243,23543,43543,123143,123243,123543,312343,1312343,2312343,3123543,3431234,13431234,23431234,35431234,43123543,135431234,235431234,435431234}
 20 : {354,1354,2354,4354,14354,24354,314354,324354,1324354,2314354}
 21 : {454,3454,13454,23454,34354,123454,134354,234354,1234354,1314354,2324354,3123454,12314354,12324354,31234354,43123454,131234354,231234354,343123454,454312345,1343123454,2343123454,3454312345,13454312345,23454312345}
 22 : {1234,31234,431234,5431234}
 23 : {1235,12435,31235,312435,431235,1312435,2312435,3431235,4543123,12312435,13431235,23431235,34543123,123431235,134543123,234543123,1234543123,3123431235,31234543123,431234543123}
 24 : {1243,12543,31243,131243,231243,312543,343123,1231243,1343123,2343123,3543123,4312543,12343123,13543123,23543123,43543123,123543123,312343123,3123543123,43123543123}
 25 : {1312,2312,12312,14312,24312,124312,154312,254312,314312,324312,1254312,1324312,2314312,3124312,3154312,3254312,13124312,13254312,23124312,23154312,31254312,43154312,43254312,123124312,431254312}
 26 : {1314,3431,12314,13431,23431,35431,123431,135431,231234,232431,235431,435431,1232431,1235431,2431234,3123431,13123431,25431234,31235431,32431234,132431234,325431234,431235431,1325431234,4325431234}
 27 : {1315,12315,14315,124315,145431,231235,314315,2314315,2431235,3124315,3145431,13124315,23124315,23145431,24543123,32431235,123124315,132431235,324543123,1324543123}
 28 : {1432,15432,31432,231432,315432,2315432,4315432,24315432,324315432,1324315432}
 29 : {1454,31454,131454,231454,343154,1231454,1343154,2343154,12343154,23123454,23243154,123243154,243123454,312343154,1312343154,2454312345,3243123454,13243123454,32454312345,132454312345}
 30 : {2324,3432,12324,13432,23432,35432,123432,131234,131432,135432,235432,435432,1231432,1235432,1431234,3123432,15431234,23123432,31235432,31431234,231431234,315431234,431235432,2315431234,4315431234}
 31 : {2325,12325,24325,124325,131235,245432,324325,1324325,1431235,3124325,3245432,13124325,13245432,14543123,23124325,31431235,123124325,231431235,314543123,2314543123}
 32 : {2431,25431,32431,132431,325431,1325431,4325431,14325431,314325431,2314325431}
 33 : {2454,32454,132454,232454,343254,1232454,1343254,2343254,12343254,13123454,13143254,123143254,143123454,312343254,1454312345,2312343254,3143123454,23143123454,31454312345,231454312345}
 34 : {3435,4543,13435,23435,34543,123435,131435,134543,232435,234543,1231435,1232435,1234543,3123435,13123435,23123435,31234543,34312345,134312345,234312345,354312345,431234543,1354312345,2354312345,4354312345}
 35 : {12345,312345,4312345,54312345}
 36 : {12354,124354,312354,3124354,4312354,13124354,23124354,34312354,45431234,123124354,134312354,234312354,345431234,1234312354,1345431234,2345431234,12345431234,31234312354,312345431234,4312345431234}
 37 : {12454,312454,1312454,2312454,3431254,12312454,13431254,23431254,123431254,3123431254}
 38 : {13125,23125,123125,143125,243125,1243125,1454312,2454312,3143125,3243125,13243125,23143125,31243125,31454312,32454312,131243125,132454312,231243125,231454312,1231243125}
 39 : {13145,34315,45431,123145,134315,234315,345431,1234315,1345431,2312345,2324315,2345431,12324315,12345431,24312345,31234315,131234315,254312345,312345431,324312345,1324312345,3254312345,4312345431,13254312345,43254312345}
 40 : {13154,123154,143154,1243154,1435431,2312354,3143154,23143154,24312354,31243154,31435431,131243154,231243154,231435431,245431234,324312354,1231243154,1324312354,3245431234,13245431234}
 41 : {14543,314543,1314543,2314543,3431543,12314543,13431543,23431543,123431543,231234543,232431543,1232431543,2431234543,3123431543,13123431543,24354312345,32431234543,132431234543,324354312345,1324354312345}
 42 : {23245,34325,45432,123245,134325,234325,345432,1234325,1312345,1314325,1345432,2345432,12314325,12345432,14312345,31234325,154312345,231234325,312345432,314312345,2314312345,3154312345,4312345432,23154312345,43154312345}
 43 : {23254,123254,243254,1243254,1312354,2435432,3243254,13243254,14312354,31243254,32435432,131243254,132435432,145431234,231243254,314312354,1231243254,2314312354,3145431234,23145431234}
 44 : {24543,324543,1324543,2324543,3432543,12324543,13432543,23432543,123432543,131234543,131432543,1231432543,1431234543,3123432543,14354312345,23123432543,31431234543,231431234543,314354312345,2314354312345}
 45 : {123123,1243123,12543123,31243123,312543123,4312543123}
 46 : {124543,3124543,13124543,23124543,34312543,123124543,134312543,234312543,1234312543,31234312543}
 47 : {131254,231254,1231254,1431254,2431254,12431254,14354312,24354312,31431254,32431254,132431254,231431254,312431254,314354312,324354312,1312431254,1324354312,2312431254,2314354312,12312431254}
 48 : {131431,1231431,1315431,12315431,14315431,23123431,124315431,231235431,314315431,2314315431,2431235431,3124315431,13124315431,23124315431,32431235431,123124315431,132431235431,232431235431,1232431235431,13123431235431}
 49 : {131543,143543,1231543,1431543,3143543,12431543,23123543,23143543,31431543,231431543,243123543,312431543,1312431543,2312431543,2435431234,3243123543,12312431543,13243123543,32435431234,132435431234}
 50 : {145432,3145432,13145432,23145432,34315432,123145432,134315432,234315432,1234315432,2312345432,2324315432,12324315432,24312345432,31234315432,131234315432,243154312345,324312345432,1324312345432,3243154312345,13243154312345}
 51 : {232432,1232432,2325432,12325432,13123432,24325432,124325432,131235432,324325432,1324325432,1431235432,3124325432,13124325432,23124325432,31431235432,123124325432,131431235432,231431235432,1231431235432,23123431235432}
 52 : {232543,243543,1232543,2432543,3243543,12432543,13123543,13243543,32432543,132432543,143123543,312432543,1312432543,1435431234,2312432543,3143123543,12312432543,23143123543,31435431234,231435431234}
 53 : {245431,3245431,13245431,23245431,34325431,123245431,134325431,234325431,1234325431,1312345431,1314325431,12314325431,14312345431,31234325431,143254312345,231234325431,314312345431,2314312345431,3143254312345,23143254312345}
 54 : {343543,1343543,2343543,12343543,13143543,23243543,123143543,123243543,131431543,232432543,312343543,1231431543,1232432543,1312343543,2312343543,3431234543,13123432543,13431234543,23123431543,23431234543}
 55 : {1231234,12431234,125431234,312431234,3125431234,43125431234}
 56 : {1231235,12431235,124543123,312431235,1312431235,2312431235,3124543123,12312431235,13124543123,23124543123,34312543123,123123431235,123124543123,134312543123,234312543123,1231234543123,1234312543123,12431234543123,31234312543123,312431234543123}
 57 : {1243543,31243543,131243543,231243543,343123543,1231243543,1343123543,2343123543,12343123543,312343123543}
 58 : {1245431,31245431,131245431,231245431,343125431,1231245431,1343125431,2343125431,12343125431,312343125431}
 59 : {1245432,31245432,131245432,231245432,343125432,1231245432,1343125432,2343125432,12343125432,312343125432}
 60 : {1312543,2312543,12312543,14312543,24312543,124312543,143543123,243543123,314312543,324312543,1324312543,2314312543,3124312543,3143543123,3243543123,13124312543,13243543123,23124312543,23143543123,123124312543}
 61 : {1314312,12314312,13154312,123154312,143154312,231234312,1243154312,2312354312,3143154312,23143154312,24312354312,31243154312,131243154312,231243154312,324312354312,1231243154312,1324312354312,2324312354312,12324312354312,131234312354312}
 62 : {1314315,12314315,13145431,34315431,123145431,134315431,231234315,234315431,1234315431,2312345431,2324315431,12324315431,23243125431,24312345431,31234315431,123243125431,131234315431,324312345431,1312343125431,1324312345431}
 63 : {1315432,1435432,12315432,14315432,31435432,124315432,231235432,231435432,314315432,2314315432,2431235432,3124315432,13124315432,23124315432,24315431234,32431235432,123124315432,132431235432,324315431234,1324315431234}
 64 : {2324312,12324312,23254312,123254312,131234312,243254312,1243254312,1312354312,3243254312,13243254312,14312354312,31243254312,131243254312,231243254312,314312354312,1231243254312,1314312354312,2314312354312,12314312354312,231234312354312}
 65 : {2324325,12324325,23245432,34325432,123245432,131234325,134325432,234325432,1234325432,1312345432,1314325432,12314325432,13143125432,14312345432,31234325432,123143125432,231234325432,314312345432,2312343125432,2314312345432}
 66 : {2325431,2435431,12325431,24325431,32435431,124325431,131235431,132435431,324325431,1324325431,1431235431,3124325431,13124325431,14325431234,23124325431,31431235431,123124325431,231431235431,314325431234,2314325431234}
 67 : {3435431,13143154,13435431,23435431,123143154,123435431,131435431,232435431,1231435431,1232435431,2312343154,2324325431,3123435431,12324325431,13123435431,23123435431,34312345431,131234325431,134312345431,234312345431}
 68 : {3435432,13435432,23243254,23435432,123243254,123435432,131435432,232435432,1231435432,1232435432,1312343254,1314315432,3123435432,12314315432,13123435432,23123435432,34312345432,134312345432,231234315432,234312345432}
 69 : {12312343,123431234,1235431234,3123431234,31235431234,431235431234}
 70 : {12312345,124312345,1254312345,3124312345,31254312345,431254312345}
 71 : {12312354,124312354,1245431234,3124312354,13124312354,23124312354,31245431234,123124312354,131245431234,231245431234,343125431234,1231234312354,1231245431234,1343125431234,2343125431234,12312345431234,12343125431234,124312345431234,312343125431234,3124312345431234}
 72 : {12435431,312435431,1312435431,2312435431,3431235431,12312435431,13431235431,23431235431,123431235431,3123431235431}
 73 : {12435432,312435432,1312435432,2312435432,3431235432,12312435432,13431235432,23431235432,123431235432,3123431235432}
 74 : {12454312,312454312,1312454312,2312454312,3431254312,12312454312,13431254312,23431254312,123431254312,3123431254312}
 75 : {13125431,23125431,24315431,123125431,143125431,243125431,324315431,1243125431,1324315431,1432543123,3143125431,3243125431,13243125431,23143125431,31243125431,31432543123,131243125431,231243125431,231432543123,1231243125431}
 76 : {13125432,14325432,23125432,123125432,143125432,243125432,314325432,1243125432,2314325432,2431543123,3143125432,3243125432,13243125432,23143125432,31243125432,32431543123,131243125432,132431543123,231243125432,1231243125432}
 77 : {13143123,123143123,131543123,1231543123,1431543123,2312343123,12431543123,23123543123,31431543123,231431543123,243123543123,312431543123,1312431543123,2312431543123,3243123543123,12312431543123,13243123543123,23243123543123,123243123543123,1312343123543123}
 78 : {13143125,123143125,131454312,343154312,1231454312,1343154312,2312343125,2343154312,12343154312,23123454312,23243154312,123243154312,232431254312,243123454312,312343154312,1232431254312,1312343154312,3243123454312,13123431254312,13243123454312}
 79 : {23243123,123243123,232543123,1232543123,1312343123,2432543123,12432543123,13123543123,32432543123,132432543123,143123543123,312432543123,1312432543123,2312432543123,3143123543123,12312432543123,13143123543123,23143123543123,123143123543123,2312343123543123}
 80 : {23243125,123243125,232454312,343254312,1232454312,1312343125,1343254312,2343254312,12343254312,13123454312,13143254312,123143254312,131431254312,143123454312,312343254312,1231431254312,2312343254312,3143123454312,23123431254312,23143123454312}
 81 : {34354312,131431254,134354312,232431254,234354312,1231431254,1232431254,1234354312,1314354312,2324354312,12314354312,12324354312,13123431254,23123431254,31234354312,131234354312,231234354312,343123454312,1343123454312,2343123454312}
 82 : {123123431,232431234,1231235431,1232431234,2325431234,12325431234,12431235431,13123431234,24325431234,124325431234,131235431234,312431235431,324325431234,1312431235431,1324325431234,1431235431234,2312431235431,3124325431234,12312431235431,13124325431234,23124325431234,31431235431234,123123431235431,123124325431234,231431235431234}
 83 : {123123432,131431234,1231235432,1231431234,1315431234,12315431234,12431235432,14315431234,23123431234,124315431234,231235431234,312431235432,314315431234,1312431235432,2312431235432,2314315431234,2431235431234,3124315431234,12312431235432,13124315431234,23124315431234,32431235431234,123123431235432,123124315431234,132431235431234}
 84 : {123123435,1234312345,12354312345,31234312345,312354312345,4312354312345}
 85 : {123123454,1243123454,12454312345,31243123454,123123431254,131243123454,231243123454,312454312345,1231234354312,1231243123454,1312454312345,2312454312345,3431254312345,12312454312345,12343123454312,13431254312345,23431254312345,123431254312345,312343123454312,3123431254312345}
 86 : {123123543,1243123543,12435431234,31243123543,131243123543,231243123543,312435431234,1231243123543,1312435431234,2312435431234,3431235431234,12312343123543,12312435431234,13431235431234,23431235431234,123123435431234,123431235431234,1234312345431234,3123431235431234,31234312345431234}
 87 : {124354312,3124354312,13124354312,23124354312,34312354312,123124354312,134312354312,234312354312,1234312354312,31234312354312}
 88 : {131243123,231243123,1231243123,1312543123,2312543123,12312343123,12312543123,14312543123,24312543123,123123543123,124312543123,314312543123,324312543123,1243123543123,1324312543123,2314312543123,3124312543123,13124312543123,23124312543123,31243123543123,123124312543123,131243123543123,231243123543123,1231243123543123,12312343123543123}
 89 : {131254312,143254312,231254312,243154312,1231254312,1431254312,2431254312,3143254312,3243154312,12431254312,13243154312,23143254312,31431254312,32431254312,132431254312,231431254312,312431254312,1312431254312,2312431254312,12312431254312}
 90 : {131431235,1231431235,1314543123,3431543123,12314543123,13431543123,23123431235,23243125432,23431543123,123243125432,123431543123,231234543123,232431543123,1232431543123,1312343125432,2431234543123,3123431543123,13123431543123,32431234543123,132431234543123}
 91 : {232431235,1232431235,2324543123,3432543123,12324543123,13123431235,13143125431,13432543123,23432543123,123143125431,123432543123,131234543123,131432543123,1231432543123,1431234543123,2312343125431,3123432543123,23123432543123,31431234543123,231431234543123}
 92 : {343543123,1314312543,1343543123,2324312543,2343543123,12314312543,12324312543,12343543123,13143543123,23243543123,123143543123,123243543123,131234312543,231234312543,312343543123,1312343543123,2312343543123,3431234543123,13431234543123,23431234543123}
 93 : {1231234312,1312431234,2312431234,12312354312,12312431234,13125431234,23125431234,123125431234,124312354312,143125431234,243125431234,1243125431234,3124312354312,3143125431234,3243125431234,13124312354312,13243125431234,23124312354312,23143125431234,31243125431234,123124312354312,131243125431234,231243125431234,1231234312354312,1231243125431234}
 94 : {1231234315,2324312345,12312345431,12324312345,23254312345,123254312345,124312345431,131234312345,243254312345,1243254312345,1312354312345,3124312345431,3243254312345,12312343125431,13124312345431,13243254312345,14312354312345,23124312345431,31243254312345,123124312345431,131243254312345,231243254312345,314312354312345,1231243254312345,2314312354312345}
 95 : {1231234325,1314312345,12312345432,12314312345,13154312345,123154312345,124312345432,143154312345,231234312345,1243154312345,2312354312345,3124312345432,3143154312345,12312343125432,13124312345432,23124312345432,23143154312345,24312354312345,31243154312345,123124312345432,131243154312345,231243154312345,324312354312345,1231243154312345,1324312354312345}
 96 : {1231234354,12343123454,123454312345,312343123454,3123454312345,43123454312345}
 97 : {1231234543,12431234543,124354312345,312431234543,1231234312543,1312431234543,2312431234543,3124354312345,12312343543123,12312431234543,13124354312345,23124354312345,34312354312345,123124354312345,123431234543123,134312354312345,234312354312345,1234312354312345,3123431234543123,31234312354312345}
 98 : {1243543123,31243543123,131243543123,231243543123,343123543123,1231243543123,1343123543123,2343123543123,12343123543123,312343123543123}
 99 : {1314312354,12314312354,13145431234,34315431234,123145431234,134315431234,231234312354,232431235432,234315431234,1232431235432,1234315431234,2312345431234,2324315431234,12324315431234,13123431235432,24312345431234,31234315431234,131234315431234,324312345431234,1324312345431234}
100 : {1314315431,12314315431,231234315431,1231234315431,2324312345431,12324312345431,23243254312345,123243254312345,131234312345431,1312343254312345}
101 : {2324312354,12324312354,23245431234,34325431234,123245431234,131234312354,131431235431,134325431234,234325431234,1231431235431,1234325431234,1312345431234,1314325431234,12314325431234,14312345431234,23123431235431,31234325431234,231234325431234,314312345431234,2314312345431234}
102 : {2324325432,12324325432,131234325432,1231234325432,1314312345432,12314312345432,13143154312345,123143154312345,231234312345432,2312343154312345}
103 : {3435431234,13143123543,13435431234,23243123543,23435431234,123143123543,123243123543,123435431234,131435431234,232435431234,1231435431234,1232435431234,1312343123543,2312343123543,3123435431234,13123435431234,23123435431234,34312345431234,134312345431234,234312345431234}
104 : {12312343125,13124312345,23124312345,123123454312,123124312345,131254312345,231254312345,1231254312345,1243123454312,1431254312345,2431254312345,12431254312345,31243123454312,31431254312345,32431254312345,123123431254312,131243123454312,132431254312345,231243123454312,231431254312345,312431254312345,1231243123454312,1312431254312345,2312431254312345,12312431254312345}
105 : {12312343154,23243123454,123123435431,123243123454,232454312345,343254312345,1231234325431,1232454312345,1234312345431,1312343123454,1314312345431,1343254312345,2343254312345,12314312345431,12343254312345,13123454312345,13143254312345,31234312345431,123143254312345,143123454312345,231234312345431,312343254312345,2312343254312345,3143123454312345,23143123454312345}
106 : {12312343254,13143123454,123123435432,123143123454,131454312345,343154312345,1231234315432,1231454312345,1234312345432,1343154312345,2312343123454,2324312345432,2343154312345,12324312345432,12343154312345,23123454312345,23243154312345,31234312345432,123243154312345,131234312345432,243123454312345,312343154312345,1312343154312345,3243123454312345,13243123454312345}
107 : {12312343543,34354312345,123123431543,123123432543,123431234543,131431234543,134354312345,232431234543,234354312345,1231431234543,1232431234543,1234354312345,1314354312345,2324354312345,3123431234543,12314354312345,12324354312345,13123431234543,23123431234543,31234354312345,131234354312345,231234354312345,343123454312345,1343123454312345,2343123454312345}
108 : {13143154312,123143154312,2312343154312,12312343154312,23243123454312,123243123454312,232431254312345,1232431254312345,1312343123454312,13123431254312345}
109 : {23243254312,123243254312,1312343254312,12312343254312,13143123454312,123143123454312,131431254312345,1231431254312345,2312343123454312,23123431254312345}
110 : {123123431234,1231235431234,12431235431234,312431235431234}
111 : {131431543123,1231431543123,23123431543123,123123431543123,232431234543123,1232431234543123,2324312354312345,12324312354312345,13123431234543123,131234312354312345}
112 : {232432543123,1232432543123,13123432543123,123123432543123,131431234543123,1231431234543123,1314312354312345,12314312354312345,23123431234543123,231234312354312345}
113 : {1231234312345,12312354312345,124312354312345,3124312354312345}
114 : {1314312543123,2324312543123,12314312543123,12324312543123,131234312543123,231234312543123,1231234312543123,1312431234543123,2312431234543123,12312431234543123}
115 : {1314315431234,12314315431234,231234315431234,232431235431234,1231234315431234,1232431235431234,2324312345431234,12324312345431234,13123431235431234,131234312345431234}
116 : {2324325431234,12324325431234,131234325431234,131431235431234,1231234325431234,1231431235431234,1314312345431234,12314312345431234,23123431235431234,231234312345431234}
117 : {12312343123454,123123454312345,1243123454312345,31243123454312345}
118 : {13143125431234,23243125431234,123143125431234,123243125431234,1312343125431234,2312343125431234,12312343125431234,13124312345431234,23124312345431234,123124312345431234}
119 : {123123431234543,1231234354312345,12343123454312345,312343123454312345}
120 : {1231234312345431,12312343254312345,13143123454312345,123143123454312345,2312343123454312345}
121 : {1231234312345432,12312343154312345,23243123454312345,123243123454312345,1312343123454312345}
122 : {1312431235431234,2312431235431234,12312431235431234,123123431235431234,1231234312345431234}
123 : {12312343123454312,123123431254312345,131243123454312345,231243123454312345,1231243123454312345}
124 : {13124312354312345,23124312354312345,123123431234543123,123124312354312345,1231234312354312345}
125 : {12312343123454312345}


2-sided cells:

 0 : {}
 1 : {1,2,3,4,5,13,23,31,32,34,43,45,54,132,134,231,234,345,431,432,543,1345,2345,5431,5432}
 2 : {12,123,312,1234,3123,4312,12345,31234,43123,54312,312345,431234,543123,4312345,5431234,54312345}
 3 : {14,15,24,25,35,135,143,145,154,235,243,245,254,314,315,324,325,354,435,1324,1325,1354,1432,1435,1543,2314,2315,2354,2431,2435,2543,3143,3145,3154,3243,3245,3254,4315,4325,4354,13243,13245,13254,14325,14354,15432,23143,23145,23154,24315,24354,25431,31432,31435,31543,32431,32435,32543,43154,43254,132431,132435,132543,143254,231432,231435,231543,243154,314325,314354,315432,324315,324354,325431,431543,432543,1324315,1324354,1325431,1432543,2314325,2314354,2315432,2431543,3143254,3243154,4315432,4325431,13243154,14325431,23143254,24315432,31432543,32431543,132431543,231432543,314325431,324315432,1324315432,2314325431}
 4 : {124,125,131,232,343,454,1231,1232,1235,1243,1245,1254,1312,1314,1343,1431,2312,2324,2343,2432,3124,3125,3431,3432,3435,3454,3543,4543,12312,12314,12324,12343,12354,12431,12432,12435,12543,13123,13124,13143,13145,13431,13432,13435,13454,13543,14312,15431,23123,23124,23243,23245,23431,23432,23435,23454,23543,24312,25432,31235,31243,31245,31254,31431,32432,34312,34315,34325,34354,34543,35431,35432,43125,43543,45431,45432,123124,123143,123145,123243,123245,123431,123432,123435,123454,123543,124312,124354,125431,125432,131234,131243,131245,131432,131435,132432,134312,134315,134325,134354,134543,135431,135432,143123,154312,231234,231243,231245,231431,232431,232435,234312,234315,234325,234354,234543,235431,235432,243123,254312,312343,312354,312431,312432,312435,312543,314312,315431,324312,325432,343123,343125,345431,345432,354312,431235,431254,435431,435432,454312,1231243,1231245,1231432,1231435,1232431,1232435,1234312,1234315,1234325,1234354,1234543,1235431,1235432,1254312,1312343,1312345,1312431,1312432,1312435,1314325,1314354,1324312,1325432,1343123,1343125,1345431,1345432,1354312,1431234,1543123,2312343,2312345,2312431,2312432,2312435,2314312,2315431,2324315,2324354,2343123,2343125,2345431,2345432,2354312,2431234,2543123,3123431,3123432,3123435,3123454,3123543,3124312,3124354,3125431,3125432,3143123,3154312,3243123,3254312,3431234,3431235,3454312,3543123,4312354,4312543,4315431,4325432,4354312,4543123,12312431,12312432,12312435,12314325,12314354,12324315,12324354,12343123,12343125,12345431,12345432,12354312,13123431,13123435,13124312,13124354,13243123,13254312,13431234,13431235,13454312,13543123,14312345,15431234,23123432,23123435,23124312,23124354,23143123,23154312,23431234,23431235,23454312,23543123,24312345,25431234,31234312,31234315,31234325,31234354,31234543,31235431,31235432,31254312,31431234,31543123,32431234,32543123,34312345,34312354,34543123,35431234,43123454,43123543,43125431,43125432,43154312,43254312,43543123,45431234,123124312,123124354,123431235,123454312,123543123,131234315,131234354,132431234,132543123,134312345,134312354,134543123,135431234,154312345,231234325,231234354,231431234,231543123,234312345,234312354,234543123,235431234,254312345,312343123,312343125,312345431,312345432,312354312,314312345,315431234,324312345,325431234,343123454,345431234,354312345,431234543,431235431,431235432,431254312,431543123,432543123,435431234,454312345,1234312354,1234543123,1324312345,1325431234,1343123454,1345431234,1354312345,2314312345,2315431234,2343123454,2345431234,2354312345,3123431235,3123454312,3123543123,3154312345,3254312345,3454312345,4312345431,4312345432,4312354312,4315431234,4325431234,4354312345,12345431234,13254312345,13454312345,23154312345,23454312345,31234312354,31234543123,43123454312,43123543123,43154312345,43254312345,312345431234,431234543123,4312345431234}
 5 : {1315,1454,2325,2454,12315,12325,13125,13154,14315,14543,23125,23254,24325,24543,31454,32454,123125,123154,123254,124315,124325,131235,131254,131454,131543,132454,143125,143154,143543,145431,145432,231235,231254,231454,232454,232543,243125,243254,243543,245431,245432,314315,314543,324325,324543,343154,343254,1231254,1231454,1231543,1232454,1232543,1243125,1243154,1243254,1312354,1312543,1314543,1315432,1324325,1324543,1343154,1343254,1431235,1431254,1431543,1435431,1435432,1454312,2312354,2312543,2314315,2314543,2324543,2325431,2343154,2343254,2431235,2431254,2432543,2435431,2435432,2454312,3124315,3124325,3143125,3143154,3143543,3145431,3145432,3243125,3243254,3243543,3245431,3245432,3431543,3432543,12312543,12314543,12315432,12324543,12325431,12343154,12343254,12431254,12431543,12432543,13123454,13123543,13124315,13124325,13125431,13125432,13143254,13145432,13243125,13243254,13243543,13245431,13245432,13431543,13432543,14312354,14312543,14315432,14325432,14354312,14543123,23123454,23123543,23124315,23124325,23125431,23125432,23143125,23143154,23143543,23145431,23145432,23243154,23245431,23431543,23432543,24312354,24312543,24315431,24325431,24354312,24543123,31243125,31243154,31243254,31431235,31431254,31431543,31435431,31435432,31454312,32431235,32431254,32432543,32435431,32435432,32454312,34315432,34325431,123124315,123124325,123125431,123125432,123143254,123145432,123243154,123245431,123431543,123432543,124312543,124315432,124325431,131234543,131235431,131243125,131243154,131243254,131254312,131432543,132431235,132431254,132432543,132435431,132435432,132454312,134315432,134325431,143123454,143123543,143125431,143125432,143254312,143543123,145431234,231234543,231235432,231243125,231243154,231243254,231254312,231431235,231431254,231431543,231435431,231435432,231454312,232431543,234315432,234325431,243123454,243123543,243125431,243125432,243154312,243543123,245431234,312343154,312343254,312431254,312431543,312432543,314312354,314312543,314315432,314325432,314354312,314543123,324312354,324312543,324315431,324325431,324354312,324543123,1231243125,1231243154,1231243254,1231254312,1231432543,1232431543,1234315432,1234325431,1243125431,1243125432,1312343154,1312345431,1312431254,1312431543,1312432543,1314325431,1324312354,1324312543,1324315431,1324325431,1324354312,1324543123,1431234543,1431235431,1431254312,1432543123,1435431234,1454312345,2312343254,2312345432,2312431254,2312431543,2312432543,2314312354,2314312543,2314315432,2314325432,2314354312,2314543123,2324315432,2431234543,2431235432,2431254312,2431543123,2435431234,2454312345,3123431543,3123432543,3124312543,3124315432,3124325431,3143123454,3143123543,3143125431,3143125432,3143254312,3143543123,3145431234,3243123454,3243123543,3243125431,3243125432,3243154312,3243543123,3245431234,12312431254,12312431543,12312432543,12314325431,12324315432,12431254312,13123431543,13124312543,13124315432,13124325431,13243123454,13243123543,13243125431,13243125432,13243154312,13243543123,13245431234,14312345431,14325431234,14354312345,23123432543,23124312543,23124315432,23124325431,23143123454,23143123543,23143125431,23143125432,23143254312,23143543123,23145431234,24312345432,24315431234,24354312345,31234315432,31234325431,31243125431,31243125432,31431234543,31431235431,31431254312,31432543123,31435431234,31454312345,32431234543,32431235432,32431254312,32431543123,32435431234,32454312345,123124312543,123124315432,123124325431,131234315432,131243125431,131243125432,132431234543,132431235432,132431254312,132431543123,132435431234,132454312345,143254312345,231234325431,231243125431,231243125432,231431234543,231431235431,231431254312,231432543123,231435431234,231454312345,243154312345,312431254312,314312345431,314325431234,314354312345,324312345432,324315431234,324354312345,1231243125431,1231243125432,1312431254312,1324312345432,1324315431234,1324354312345,2312431254312,2314312345431,2314325431234,2314354312345,3143254312345,3243154312345,12312431254312,13243154312345,23143254312345}
 6 : {12454,124543,312454,1243543,1245431,1245432,1312454,2312454,3124543,3431254,12312454,12435431,12435432,12454312,13124543,13431254,23124543,23431254,31243543,31245431,31245432,34312543,123124543,123431254,124354312,131243543,131245431,131245432,134312543,231243543,231245431,231245432,234312543,312435431,312435432,312454312,343123543,343125431,343125432,1231243543,1231245431,1231245432,1234312543,1243543123,1312435431,1312435432,1312454312,1343123543,1343125431,1343125432,2312435431,2312435432,2312454312,2343123543,2343125431,2343125432,3123431254,3124354312,3431235431,3431235432,3431254312,12312435431,12312435432,12312454312,12343123543,12343125431,12343125432,13124354312,13431235431,13431235432,13431254312,23124354312,23431235431,23431235432,23431254312,31234312543,31243543123,34312354312,123124354312,123431235431,123431235432,123431254312,131243543123,134312354312,231243543123,234312354312,312343123543,312343125431,312343125432,343123543123,1231243543123,1234312354312,1343123543123,2343123543123,3123431235431,3123431235432,3123431254312,12343123543123,31234312354312,312343123543123}
 7 : {123123,1231234,1243123,12312343,12312345,12431234,12543123,31243123,123123435,123431234,124312345,125431234,312431234,312543123,1231234354,1234312345,1235431234,1254312345,3123431234,3124312345,3125431234,4312543123,12343123454,12354312345,31234312345,31235431234,31254312345,43125431234,123454312345,312343123454,312354312345,431235431234,431254312345,3123454312345,4312354312345,43123454312345}
 8 : {131431,232432,343543,1231431,1232432,1314312,1314315,1315431,1343543,2324312,2324325,2325432,2343543,3435431,3435432,12314312,12314315,12315431,12324312,12324325,12325432,12343543,13123432,13143123,13143125,13143154,13143543,13145431,13154312,13435431,13435432,14315431,23123431,23243123,23243125,23243254,23243543,23245432,23254312,23435431,23435432,24325432,34315431,34325432,34354312,123143123,123143125,123143154,123143543,123145431,123154312,123243123,123243125,123243254,123243543,123245432,123254312,123435431,123435432,124315431,124325432,131234312,131234325,131235432,131431235,131431254,131431543,131435431,131435432,131454312,131543123,134315431,134325432,134354312,143154312,231234312,231234315,231235431,232431235,232431254,232432543,232435431,232435432,232454312,232543123,234315431,234325432,234354312,243254312,312343543,314315431,324325432,343154312,343254312,343543123,1231431235,1231431254,1231431543,1231435431,1231435432,1231454312,1231543123,1232431235,1232431254,1232432543,1232435431,1232435432,1232454312,1232543123,1234315431,1234325432,1234354312,1243154312,1243254312,1312343123,1312343125,1312343254,1312343543,1312345432,1312354312,1314312354,1314312543,1314315432,1314325432,1314354312,1314543123,1324325432,1343154312,1343254312,1343543123,1431235432,1431543123,2312343123,2312343125,2312343154,2312343543,2312345431,2312354312,2314315431,2324312354,2324312543,2324315431,2324325431,2324354312,2324543123,2343154312,2343254312,2343543123,2431235431,2432543123,3123435431,3123435432,3124315431,3124325432,3143154312,3243254312,3431234543,3431543123,3432543123,3435431234,12314312354,12314312543,12314315432,12314325432,12314354312,12314543123,12324312354,12324312543,12324315431,12324325431,12324354312,12324543123,12343154312,12343254312,12343543123,12431543123,12432543123,13123431235,13123431254,13123432543,13123435431,13123435432,13123454312,13123543123,13124315431,13124325432,13143123543,13143125431,13143125432,13143254312,13143543123,13145431234,13243254312,13431234543,13431543123,13432543123,13435431234,14312345432,14312354312,23123431235,23123431254,23123431543,23123435431,23123435432,23123454312,23123543123,23124315431,23124325432,23143154312,23243123543,23243125431,23243125432,23243154312,23243543123,23245431234,23431234543,23431543123,23432543123,23435431234,24312345431,24312354312,31234315431,31234325432,31234354312,31243154312,31243254312,31431235432,31431543123,32431235431,32432543123,34312345431,34312345432,34315431234,34325431234,123124315431,123124325432,123143123543,123143125431,123143125432,123143254312,123143543123,123145431234,123243123543,123243125431,123243125432,123243154312,123243543123,123245431234,123431543123,123432543123,123435431234,131234312354,131234312543,131234315431,131234325431,131234354312,131234543123,131243154312,131243254312,131431235431,131431235432,131431254312,131432543123,131435431234,132431235431,132432543123,134312345431,134312345432,134315431234,134325431234,143123454312,143123543123,231234312354,231234312543,231234315432,231234325432,231234354312,231234543123,231243154312,231243254312,231431235432,231431543123,232431235431,232431235432,232431254312,232431543123,232435431234,234312345431,234312345432,234315431234,234325431234,243123454312,243123543123,312343154312,312343254312,312343543123,312431543123,312432543123,314312345432,314312354312,324312345431,324312354312,343123454312,1231243154312,1231243254312,1231431235431,1231431235432,1231431254312,1231432543123,1231435431234,1232431235431,1232431235432,1232431254312,1232431543123,1232435431234,1234315431234,1234325431234,1312343123543,1312343125431,1312343125432,1312343154312,1312343543123,1312345431234,1312431543123,1312432543123,1314312354312,1314325431234,1324312345431,1324312354312,1343123454312,1431234543123,2312343123543,2312343125431,2312343125432,2312343254312,2312343543123,2312345431234,2312431543123,2312432543123,2314312345432,2314312354312,2324312354312,2324315431234,2343123454312,2431234543123,3123431543123,3123432543123,3123435431234,3143123454312,3143123543123,3243123454312,3243123543123,3431234543123,12312431543123,12312432543123,12314312354312,12314325431234,12324312354312,12324315431234,13123431235431,13123431235432,13123431254312,13123431543123,13123435431234,13143123543123,13243123454312,13243123543123,13431234543123,14312345431234,23123431235431,23123431235432,23123431254312,23123432543123,23123435431234,23143123454312,23143123543123,23243123543123,23431234543123,24312345431234,31234315431234,31234325431234,31431234543123,32431234543123,34312345431234,123143123543123,123243123543123,131234312354312,131234315431234,132431234543123,134312345431234,231234312354312,231234325431234,231431234543123,234312345431234,314312345431234,324312345431234,1312343123543123,1324312345431234,2312343123543123,2314312345431234}
 9 : {1231235,12312354,12431235,123123431,123123432,123123454,123123543,124312354,124543123,131243123,131431234,231243123,232431234,312431235,1231234312,1231234315,1231234325,1231234543,1231235431,1231235432,1231243123,1231431234,1232431234,1243123454,1243123543,1245431234,1312431234,1312431235,1312543123,1314312345,1315431234,2312431234,2312431235,2312543123,2324312345,2325431234,3124312354,3124543123,12312343123,12312343125,12312343154,12312343254,12312343543,12312345431,12312345432,12312354312,12312431234,12312431235,12312543123,12314312345,12315431234,12324312345,12325431234,12431234543,12431235431,12431235432,12435431234,12454312345,13123431234,13124312345,13124312354,13124543123,13125431234,13143123454,13154312345,14312543123,14315431234,23123431234,23124312345,23124312354,23124543123,23125431234,23243123454,23254312345,24312543123,24325431234,31243123454,31243123543,31245431234,34312543123,34354312345,123123431235,123123431254,123123431543,123123432543,123123435431,123123435432,123123454312,123123543123,123124312345,123124312354,123124543123,123125431234,123143123454,123154312345,123243123454,123254312345,123431234543,124312345431,124312345432,124312354312,124312543123,124315431234,124325431234,124354312345,131234312345,131235431234,131243123454,131243123543,131245431234,131254312345,131431234543,131454312345,134312543123,134354312345,143125431234,143154312345,231234312345,231235431234,231243123454,231243123543,231245431234,231254312345,232431234543,232454312345,234312543123,234354312345,243125431234,243254312345,312431234543,312431235431,312431235432,312435431234,312454312345,314312543123,314315431234,324312543123,324325431234,343125431234,343154312345,343254312345,1231234312354,1231234312543,1231234315432,1231234325431,1231234354312,1231234543123,1231243123454,1231243123543,1231245431234,1231254312345,1231431234543,1231454312345,1232431234543,1232454312345,1234312345431,1234312345432,1234312543123,1234354312345,1243123454312,1243123543123,1243125431234,1243154312345,1243254312345,1312343123454,1312354312345,1312431234543,1312431235431,1312431235432,1312435431234,1312454312345,1314312345431,1314354312345,1324312543123,1324325431234,1343125431234,1343154312345,1343254312345,1431235431234,1431254312345,2312343123454,2312354312345,2312431234543,2312431235431,2312431235432,2312435431234,2312454312345,2314312543123,2314315431234,2324312345432,2324354312345,2343125431234,2343154312345,2343254312345,2431235431234,2431254312345,3123431234543,3124312345431,3124312345432,3124312354312,3124312543123,3124315431234,3124325431234,3124354312345,3143125431234,3143154312345,3243125431234,3243254312345,3431235431234,3431254312345,12312343123543,12312343125431,12312343125432,12312343543123,12312345431234,12312431234543,12312431235431,12312431235432,12312435431234,12312454312345,12314312345431,12314354312345,12324312345432,12324354312345,12343123454312,12343125431234,12343154312345,12343254312345,12431234543123,12431254312345,13123431234543,13123454312345,13124312345431,13124312345432,13124312354312,13124312543123,13124315431234,13124325431234,13124354312345,13143254312345,13243125431234,13243254312345,13431235431234,13431254312345,14312354312345,23123431234543,23123454312345,23124312345431,23124312345432,23124312354312,23124312543123,23124315431234,23124325431234,23124354312345,23143125431234,23143154312345,23243154312345,23431235431234,23431254312345,24312354312345,31234312345431,31234312345432,31234312543123,31234354312345,31243123454312,31243123543123,31243125431234,31243154312345,31243254312345,31431235431234,31431254312345,32431235431234,32431254312345,34312354312345,123123431235431,123123431235432,123123431254312,123123435431234,123124312345431,123124312345432,123124312354312,123124312543123,123124315431234,123124325431234,123124354312345,123143254312345,123243154312345,123431234543123,123431235431234,123431254312345,124312345431234,131234312345432,131234354312345,131243123454312,131243123543123,131243125431234,131243154312345,131243254312345,132431235431234,132431254312345,134312354312345,143123454312345,231234312345431,231234354312345,231243123454312,231243123543123,231243125431234,231243154312345,231243254312345,231431235431234,231431254312345,234312354312345,243123454312345,312343123454312,312343125431234,312343154312345,312343254312345,312431234543123,312431254312345,314312354312345,324312354312345,343123454312345,1231234312354312,1231243123454312,1231243123543123,1231243125431234,1231243154312345,1231243254312345,1234312345431234,1234312354312345,1312343154312345,1312431254312345,1324312354312345,1343123454312345,2312343254312345,2312431254312345,2314312354312345,2343123454312345,3123431234543123,3123431235431234,3123431254312345,3124312345431234,3143123454312345,3243123454312345,12312343123543123,12312431254312345,13243123454312345,23143123454312345,31234312345431234,31234312354312345}
10 : {1314315431,2324325432,12314315431,12324325432,13143154312,23243254312,123143154312,123243254312,131234325432,131431543123,231234315431,232432543123,1231234315431,1231234325432,1231431543123,1232432543123,1312343254312,1314312345432,1314312543123,1314315431234,2312343154312,2324312345431,2324312543123,2324325431234,12312343154312,12312343254312,12314312345432,12314312543123,12314315431234,12324312345431,12324312543123,12324325431234,13123432543123,13143123454312,13143125431234,13143154312345,23123431543123,23243123454312,23243125431234,23243254312345,123123431543123,123123432543123,123143123454312,123143125431234,123143154312345,123243123454312,123243125431234,123243254312345,131234312345431,131234312543123,131234325431234,131431234543123,131431235431234,131431254312345,231234312345432,231234312543123,231234315431234,232431234543123,232431235431234,232431254312345,1231234312543123,1231234315431234,1231234325431234,1231431234543123,1231431235431234,1231431254312345,1232431234543123,1232431235431234,1232431254312345,1312343123454312,1312343125431234,1312343254312345,1312431234543123,1314312345431234,1314312354312345,2312343123454312,2312343125431234,2312343154312345,2312431234543123,2324312345431234,2324312354312345,12312343125431234,12312431234543123,12314312345431234,12314312354312345,12324312345431234,12324312354312345,13123431234543123,13123431235431234,13123431254312345,13124312345431234,23123431234543123,23123431235431234,23123431254312345,23124312345431234,123124312345431234,131234312345431234,131234312354312345,231234312345431234,231234312354312345}
11 : {123123431234,1231234312345,1231235431234,12312343123454,12312354312345,12431235431234,123123431234543,123123454312345,124312354312345,312431235431234,1231234354312345,1243123454312345,3124312354312345,12343123454312345,31243123454312345,312343123454312345}
12 : {1231234312345431,1231234312345432,1312431235431234,2312431235431234,12312343123454312,12312343154312345,12312343254312345,12312431235431234,13124312354312345,13143123454312345,23124312354312345,23243123454312345,123123431234543123,123123431235431234,123123431254312345,123124312354312345,123143123454312345,123243123454312345,131243123454312345,231243123454312345,1231234312345431234,1231234312354312345,1231243123454312345,1312343123454312345,2312343123454312345}
13 : {12312343123454312345}

