Coxeter Matrix:

[1 3 2 2 2]
[3 1 3 2 2]
[2 3 1 3 2]
[2 2 3 1 3]
[2 2 2 3 1]


Left cells:

 0 : {}
 1 : {1,21,321,4321,54321}
 2 : {2,12,32,432,5432}
 3 : {3,23,43,123,543}
 4 : {4,34,54,234,1234}
 5 : {5,45,345,2345,12345}
 6 : {13,143,213,1543,2143,21543,32143,321543,4321543}
 7 : {14,134,154,214,2134,2154,3214,32154,432154}
 8 : {15,145,215,1345,2145,3215,21345,32145,43215}
 9 : {24,124,254,324,1254,1324,3254,21324,43254}
10 : {25,125,245,325,1245,3245,4325,13245,213245}
11 : {35,235,435,1235,2435,12435,32435,132435,2132435}
12 : {121,1321,14321,21321,154321,214321,2154321,3214321,32154321,432154321}
13 : {132,1432,2132,15432,21432,215432,321432,3215432,43215432}
14 : {135,1435,2135,21435,321435}
15 : {232,1232,2432,12132,12432,25432,32432,125432,325432,4325432}
16 : {243,1243,2543,3243,12543,13243,32543,213243,432543}
17 : {343,2343,3543,12343,23243,23543,43543,123243,123543,1213243}
18 : {354,2354,4354,12354,24354,124354,324354,1324354,21324354}
19 : {454,3454,23454,34354,123454,234354,1234354,2324354,12324354,121324354}
20 : {1213,2321,12321,24321,124321,254321,324321,1254321,3254321,43254321}
21 : {1214,12154,13214,132154,134321,213214,1354321,1432154,2132154,2134321,14354321,21354321,21432154,214354321,321432154,3214354321}
22 : {1215,12145,13215,132145,143215,213215,1343215,1454321,2132145,2143215,13454321,21343215,21454321,32143215,213454321,321454321}
23 : {1325,14325,21325,214325,3214325}
24 : {1343,13543,21343,121343,143543,213543,232143,1213543,1232143,2143543,2321543,12321543,24321543,32143543,124321543,324321543}
25 : {1354,14354,21354,214354,3214354}
26 : {1454,13454,21454,134354,213454,321454,1213454,2134354,2321454,3432154,12134354,12321454,23214354,23432154,123214354,123432154}
27 : {2324,3432,12324,23432,35432,121324,123432,235432,435432,1235432}
28 : {2325,12325,24325,121325,124325,245432,324325,1214325,1245432,1324325,3245432,13214325,13245432,21324325,213214325,213245432}
29 : {2454,12454,32454,132454,232454,343254,1232454,1343254,2132454,2343254,12132454,12343254,21343254,121343254,232143254,1232143254}
30 : {3435,4543,23435,34543,123435,232435,234543,1232435,1234543,12132435}
31 : {12134,23214,34321,123214,234321,354321,1234321,2354321,4354321,12354321}
32 : {12135,23215,121435,123215,243215,1243215,1321435,2454321,3243215,12454321,13243215,21321435,32454321,132454321,213243215,2132454321}
33 : {12143,121543,132143,1321543,1324321,2132143,13254321,14321543,21321543,21324321,143254321,213254321,214321543,2143254321,3214321543,32143254321}
34 : {13254,143254,213254,2143254,32143254}
35 : {13432,135432,213432,1213432,1435432,2135432,2321432,12135432,12321432,21435432,23215432,123215432,243215432,321435432,1243215432,3243215432}
36 : {13435,14543,134543,213435,214543,1213435,2134543,2321435,3214543,12134543,12321435,23214543,34321543,123214543,234321543,1234321543}
37 : {23245,34325,45432,123245,234325,345432,1213245,1234325,2345432,12345432}
38 : {23254,123254,243254,1213254,1243254,2435432,3243254,12143254,12435432,13243254,32435432,132143254,132435432,213243254,2132143254,2132435432}
39 : {24543,124543,324543,1324543,2324543,3432543,12324543,13432543,21324543,23432543,121324543,123432543,213432543,1213432543,2321432543,12321432543}
40 : {121321,1214321,12154321,13214321,132154321,213214321,1432154321,2132154321,21432154321,321432154321}
41 : {121345,232145,343215,454321,1232145,2343215,3454321,12343215,23454321,123454321}
42 : {121354,232154,1214354,1232154,2432154,12432154,13214354,24354321,32432154,124354321,132432154,213214354,324354321,1324354321,2132432154,21324354321}
43 : {121432,132432,1215432,1321432,1325432,2132432,13215432,14325432,21321432,21325432,143215432,213215432,214325432,2143215432,3214325432,32143215432}
44 : {121454,1321454,13432154,21321454,213432154}
45 : {132543,1432543,2132543,21432543,321432543}
46 : {134325,145432,1345432,2134325,2145432,12134325,21345432,23214325,32145432,121345432,123214325,232145432,343215432,1232145432,2343215432,12343215432}
47 : {232432,1232432,2325432,12132432,12325432,24325432,121321432,121325432,124325432,324325432}
48 : {232543,243543,1232543,1243543,2432543,3243543,12132543,12432543,13243543,32432543,121432543,132432543,213243543,1321432543,2132432543,21321432543}
49 : {343543,2343543,12343543,23243543,123243543,232432543,1213243543,1232432543,12132432543,121321432543}
50 : {1213214,12134321,23214321,121354321,123214321,232154321,1232154321,2432154321,12432154321,32432154321}
51 : {1213215,12143215,121454321,132143215,1321454321,2132143215,13432154321,21321454321,213432154321}
52 : {1214543,13214543,134321543,213214543,2134321543}
53 : {1343543,21343543,121343543,232143543,1232143543,2324321543,12132143543,12324321543,121324321543}
54 : {2324321,12132143,12324321,23254321,121324321,123254321,243254321,1213254321,1243254321,3243254321}
55 : {2324325,12324325,23245432,34325432,121324325,123245432,234325432,1213214325,1213245432,1234325432}
56 : {3435432,23243254,23435432,123243254,123435432,232435432,1213243254,1232435432,12132143254,12132435432}
57 : {12132145,121343215,232143215,1213454321,1232143215,2321454321,3432154321,12321454321,23432154321,123432154321}
58 : {12132154,121432154,1214354321,1321432154,13214354321,21321432154,132432154321,213214354321,2132432154321}
59 : {12143543,132143543,1324321543,2132143543,21324321543}
60 : {12145432,132145432,1343215432,2132145432,21343215432}
61 : {13435432,213435432,1213435432,2321435432,12321435432,23243215432,121321435432,123243215432,1213243215432}
62 : {23243215,121321435,123243215,232454321,343254321,1213243215,1232454321,2343254321,12132454321,12343254321}
63 : {34354321,232432154,234354321,1213214354,1232432154,1234354321,2324354321,12132432154,12324354321,121324354321}
64 : {121321454,134354321,1213432154,2134354321,2321432154,12134354321,12321432154,23214354321,123214354321}
65 : {121321543,1214321543,12143254321,13214321543,13243254321,132143254321,213214321543,213243254321,2132143254321}
66 : {121435432,1321435432,13243215432,21321435432,213243215432}
67 : {134325432,2134325432,12132145432,12134325432,23214325432,121343215432,123214325432,232143215432,1232143215432}
68 : {1213214321,12132154321,121432154321,1321432154321,21321432154321}
69 : {1213214543,1343254321,12134321543,21343254321,23214321543,121343254321,123214321543,232143254321,1232143254321}
70 : {1213215432,1214325432,1324325432,12143215432,13214325432,21324325432,132143215432,213214325432,2132143215432}
71 : {2324325432,12324325432,121324325432,1213214325432,12132143215432}
72 : {12132143215,121321454321,1213432154321,2321432154321,12321432154321}
73 : {23243254321,123243254321,1213214321543,1213243254321,12132143254321}
74 : {121321432154,232432154321,1213214354321,1232432154321,12132432154321}
75 : {121321432154321}


2-sided cells:

 0 : {}
 1 : {1,2,3,4,5,12,21,23,32,34,43,45,54,123,234,321,345,432,543,1234,2345,4321,5432,12345,54321}
 2 : {13,14,15,24,25,35,124,125,132,134,143,145,154,213,214,215,235,243,245,254,324,325,354,435,1235,1243,1245,1254,1324,1345,1432,1543,2132,2134,2143,2145,2154,2354,2435,2543,3214,3215,3243,3245,3254,4325,4354,12354,12435,12543,13243,13245,15432,21324,21345,21432,21543,24354,32143,32145,32154,32435,32543,43215,43254,124354,132435,213243,213245,215432,321432,321543,324354,432154,432543,1324354,2132435,3215432,4321543,21324354,43215432}
 3 : {121,232,343,454,1213,1232,1321,2321,2324,2343,2432,3432,3435,3454,3543,4543,12132,12134,12321,12324,12343,12432,14321,21321,23214,23243,23245,23432,23435,23454,23543,24321,25432,32432,34321,34325,34354,34543,35432,43543,45432,121324,121345,123214,123243,123245,123432,123435,123454,123543,124321,125432,154321,214321,232145,232435,234321,234325,234354,234543,235432,254321,324321,325432,343215,345432,354321,435432,454321,1213243,1213245,1232145,1232435,1234321,1234325,1234354,1234543,1235432,1254321,2154321,2324354,2343215,2345432,2354321,3214321,3254321,3454321,4325432,4354321,12132435,12324354,12343215,12345432,12354321,23454321,32154321,43254321,121324354,123454321,432154321}
 4 : {135,1325,1354,1435,2135,13254,14325,14354,21325,21354,21435,132543,143254,213254,214325,214354,321435,1432543,2132543,2143254,3214325,3214354,21432543,32143254,321432543}
 5 : {1214,1215,1343,1454,2325,2454,12135,12143,12145,12154,12325,12454,13214,13215,13432,13435,13454,13543,14543,21343,21454,23215,23254,24325,24543,32454,121325,121343,121354,121432,121435,121543,123215,123254,124325,124543,132143,132145,132154,132432,132454,134321,134325,134354,134543,135432,143215,143543,145432,213214,213215,213432,213435,213454,213543,214543,232143,232154,232454,232543,243215,243254,243543,245432,321454,324325,324543,343254,1213254,1213432,1213435,1213454,1213543,1214325,1214354,1215432,1232143,1232154,1232454,1232543,1243215,1243254,1243543,1245432,1321432,1321435,1321543,1324321,1324325,1324543,1325432,1343215,1343254,1345432,1354321,1432154,1435432,1454321,2132143,2132145,2132154,2132432,2132454,2134321,2134325,2134354,2134543,2135432,2143215,2143543,2145432,2321432,2321435,2321454,2321543,2324543,2343254,2432154,2432543,2435432,2454321,3214543,3243215,3243254,3243543,3245432,3432154,3432543,12132454,12132543,12134325,12134354,12134543,12135432,12143254,12321432,12321435,12321454,12321543,12324543,12343254,12432154,12432543,12435432,12454321,13214325,13214354,13215432,13243215,13243254,13243543,13245432,13254321,13432543,13454321,14321543,14325432,14354321,21321432,21321435,21321543,21324321,21324325,21324543,21325432,21343215,21343254,21345432,21354321,21432154,21435432,21454321,23214325,23214354,23214543,23215432,23432154,23432543,24321543,24354321,32143215,32143543,32145432,32432154,32432543,32435432,32454321,34321543,121324543,121343254,121345432,121432543,123214325,123214354,123214543,123215432,123432154,123432543,124321543,124354321,132143254,132432154,132432543,132435432,132454321,143215432,143254321,213214325,213214354,213215432,213243215,213243254,213243543,213245432,213254321,213432543,213454321,214321543,214325432,214354321,232143254,232145432,234321543,243215432,321432154,321435432,321454321,324321543,324354321,343215432,1213432543,1232143254,1232145432,1234321543,1243215432,1321432543,1324354321,2132143254,2132432154,2132432543,2132435432,2132454321,2143215432,2143254321,2321432543,2343215432,3214321543,3214325432,3214354321,3243215432,12321432543,12343215432,21321432543,21324354321,32143215432,32143254321}
 6 : {121321,232432,343543,1213214,1214321,1232432,2324321,2324325,2325432,2343543,3435432,12132143,12132145,12132432,12134321,12154321,12324321,12324325,12325432,12343543,13214321,23214321,23243215,23243254,23243543,23245432,23254321,23435432,24325432,34325432,34354321,121321432,121321435,121324321,121324325,121325432,121343215,121354321,123214321,123243215,123243254,123243543,123245432,123254321,123435432,124325432,132154321,213214321,232143215,232154321,232432154,232432543,232435432,232454321,234325432,234354321,243254321,324325432,343254321,1213214325,1213214354,1213243215,1213243254,1213243543,1213245432,1213254321,1213454321,1232143215,1232154321,1232432154,1232432543,1232435432,1232454321,1234325432,1234354321,1243254321,1432154321,2132154321,2321454321,2324354321,2343254321,2432154321,3243254321,3432154321,12132143254,12132432154,12132432543,12132435432,12132454321,12321454321,12324354321,12343254321,12432154321,21432154321,23432154321,32432154321,121321432543,121324354321,123432154321,321432154321}
 7 : {121454,1214543,1321454,12143543,12145432,13214543,13432154,21321454,121435432,132143543,132145432,134321543,213214543,213432154,1321435432,1324321543,1343215432,2132143543,2132145432,2134321543,13243215432,21321435432,21324321543,21343215432,213243215432}
 8 : {1213215,1343543,12132154,12143215,13435432,21343543,121321454,121321543,121343543,121432154,121454321,132143215,134325432,134354321,213435432,232143543,1213214543,1213215432,1213432154,1213435432,1214321543,1214325432,1214354321,1232143543,1321432154,1321454321,1324325432,1343254321,2132143215,2134325432,2134354321,2321432154,2321435432,2324321543,12132143543,12132145432,12134321543,12134325432,12134354321,12143215432,12143254321,12321432154,12321435432,12324321543,13214321543,13214325432,13214354321,13243254321,13432154321,21321432154,21321454321,21324325432,21343254321,23214321543,23214325432,23214354321,23243215432,121321435432,121324321543,121343215432,121343254321,123214321543,123214325432,123214354321,123243215432,132143215432,132143254321,132432154321,213214321543,213214325432,213214354321,213243254321,213432154321,232143215432,232143254321,1213243215432,1232143215432,1232143254321,2132143215432,2132143254321,2132432154321}
 9 : {1213214321,2324325432,12132143215,12132154321,12324325432,23243254321,121321432154,121321454321,121324325432,121432154321,123243254321,232432154321,1213214321543,1213214325432,1213214354321,1213243254321,1213432154321,1232432154321,1321432154321,2321432154321,12132143215432,12132143254321,12132432154321,12321432154321,21321432154321}
10 : {121321432154321}

