Coxeter Matrix:

[1 3 2 2]
[3 1 3 2]
[2 3 1 4]
[2 2 4 1]


Left cells:

 0 : {}
 1 : {1,21,121,321,4321}
 2 : {2,12,32,212,432,3212,43212}
 3 : {3,23,43,123,2123,32123,432123}
 4 : {4,34,234,1234,21234,321234,4321234}
 5 : {13,143,213,1213,2143,12143,32143,132143,2132143,12132143}
 6 : {14,134,214,1214,2134,3214,12134,13214,213214,1213214}
 7 : {24,124,324,1324,2124,21324,32124,121324}
 8 : {132,1432,2132,12132,21432,121432,321432,1321432,21321432,121321432}
 9 : {232,1232,2432,12432,21232,32432,212432,3212432}
10 : {243,1243,3243,13243,21243,213243,321243,1213243}
11 : {343,2343,12343,23243,123243,212343,2123243,3212343}
12 : {1212,13212,143212,213212,1213212,2143212,12123212,12143212,32143212}
13 : {1321,14321,21321,121321,214321,1214321,3214321,13214321,213214321,1213214321}
14 : {1343,21343,121343,232143,1232143,21232143}
15 : {2321,12321,24321,124321,212321,324321,2124321,32124321}
16 : {2324,3432,12324,23432,123432,212324,2123432,32123432}
17 : {12123,132123,1212321,1432123,2132123,12132123,21432123,121432123,321432123}
18 : {12124,132124,1343212,2132124,12132124,21343212,121232124,121343212}
19 : {13432,213432,1213432,2321432,12321432,212321432}
20 : {23212,123212,243212,1243212,2123212,3243212,21243212,321243212}
21 : {23214,34321,123214,234321,1234321,2123214,21234321,321234321}
22 : {121232,232123,1232123,2432123,12432123,21232123,32432123,212432123,3212432123}
23 : {121234,1321234,12123214,14321234,21321234,121321234,214321234,1214321234,3214321234}
24 : {121243,1321243,13432123,21321243,121321243,213432123,1212321243,1213432123}
25 : {132432,2132432,12132432,23212432,123212432,2123212432}
26 : {134321,2134321,12134321,23214321,123214321,2123214321}
27 : {232124,343212,1232124,2343212,12343212,21232124,212343212,3212343212}
28 : {232432,1232432,21232432,121232432,232123432,1232123432,2324321234,12324321234,21232123432,212324321234}
29 : {1212324,2321234,12321234,24321234,124321234,212321234,324321234,2124321234,32124321234}
30 : {1212343,13212343,121232143,134321234,213212343,1213212343,2134321234,12134321234}
31 : {1212432,13212432,132432123,213212432,1213212432,2132432123,12123212432,12132432123}
32 : {1324321,21324321,121324321,232124321,1232124321,21232124321}
33 : {2321243,3432123,12321243,23432123,123432123,212321243,2123432123,32123432123}
34 : {2324321,12324321,212324321,1212324321,2321234321,12321234321,23214321234,123214321234,212321234321,2123214321234}
35 : {12123243,23212343,34321234,123212343,234321234,1234321234,2123212343,21234321234,321234321234}
36 : {12123432,132123432,1212321432,1324321234,2132123432,12132123432,21324321234,121324321234}
37 : {12124321,132124321,1321432123,2132124321,12132124321,21321432123,121232124321,121321432123}
38 : {13243212,213243212,1213243212,2321243212,12321243212,212321243212}
39 : {23243212,123243212,2123243212,12123243212,23212343212,123212343212,232124321234,1232124321234,2123212343212,21232124321234}
40 : {121232123,1212432123,13212432123,213212432123,1213212432123,12123212432123,121232123432123}
41 : {121234321,1321234321,12123214321,13214321234,21321234321,121321234321,213214321234,1213214321234}
42 : {121243212,132143212,1321243212,2132143212,12132143212,21321243212,121321243212,1212321243212}
43 : {232143212,1212343212,1232143212,13212343212,21232143212,121232143212,213212343212,1213212343212}
44 : {232432123,1232432123,21232432123,23212432123,121232432123,123212432123,232123432123,1232123432123,2123212432123,21232123432123}
45 : {1212321234,12124321234,132124321234,2132124321234,12123212343212,12132124321234,121232124321234}
46 : {2321432123,12123432123,12321432123,132123432123,212321432123,1212321432123,2132123432123,12132123432123}
47 : {12123212343,121234321234,1212321234321,1321234321234,12123214321234,21321234321234,121321234321234}
48 : {121232123432,1212324321234,2321234321234,12321234321234,212321234321234}
49 : {1212321234321234}


2-sided cells:

0 : {}
1 : {1,2,3,4,12,21,23,32,34,43,121,123,212,234,321,432,1234,2123,3212,4321,21234,32123,43212,321234,432123,4321234}
2 : {13,14,24,124,132,134,143,213,214,243,324,1213,1214,1243,1321,1324,1432,2124,2132,2134,2143,3214,3243,12132,12134,12143,13214,13243,14321,21243,21321,21324,21432,32124,32143,121321,121324,121432,132143,213214,213243,214321,321243,321432,1213214,1213243,1214321,1321432,2132143,3214321,12132143,13214321,21321432,121321432,213214321,1213214321}
3 : {232,343,1232,2321,2324,2343,2432,3432,12321,12324,12343,12432,21232,23212,23214,23243,23432,24321,32432,34321,123212,123214,123243,123432,124321,212321,212324,212343,212432,232124,234321,243212,324321,343212,1232124,1234321,1243212,2123212,2123214,2123243,2123432,2124321,2321243,2343212,3212343,3212432,3243212,3432123,12321243,12343212,21232124,21234321,21243212,23432123,32123432,32124321,123432123,212321243,212343212,321234321,321243212,2123432123,3212343212,32123432123}
4 : {1212,12123,13212,121232,121234,132123,143212,213212,232123,1212321,1212324,1213212,1232123,1321234,1432123,2132123,2143212,2321234,2432123,12123212,12123214,12123243,12132123,12143212,12321234,12432123,14321234,21232123,21321234,21432123,23212343,24321234,32143212,32432123,34321234,121321234,121432123,123212343,124321234,212321234,212432123,214321234,234321234,321432123,324321234,1214321234,1234321234,2123212343,2124321234,3212432123,3214321234,21234321234,32124321234,321234321234}
5 : {1343,13432,21343,121343,132432,134321,213432,232143,1213432,1232143,1324321,2132432,2134321,2321432,12132432,12134321,12321432,13243212,21232143,21324321,23212432,23214321,121324321,123212432,123214321,212321432,213243212,232124321,1213243212,1232124321,2123212432,2123214321,2321243212,12321243212,21232124321,212321243212}
6 : {12124,121243,132124,1212343,1212432,1321243,1343212,2132124,12123432,12124321,12132124,13212343,13212432,13432123,21321243,21343212,121232124,121232143,121234321,121243212,121321243,121343212,132123432,132124321,132143212,132432123,134321234,213212343,213212432,213432123,1212321243,1212321432,1213212343,1213212432,1213432123,1321234321,1321243212,1321432123,1324321234,2132123432,2132124321,2132143212,2132432123,2134321234,12123212432,12123214321,12132123432,12132124321,12132143212,12132432123,12134321234,13214321234,21321234321,21321243212,21321432123,21324321234,121232124321,121321234321,121321243212,121321432123,121324321234,213214321234,1212321243212,1213214321234}
7 : {232432,1232432,2324321,12324321,21232432,23243212,121232432,123243212,212324321,232123432,232143212,232432123,1212324321,1212343212,1232123432,1232143212,1232432123,2123243212,2321234321,2321432123,2324321234,12123243212,12123432123,12321234321,12321432123,12324321234,13212343212,21232123432,21232143212,21232432123,23212343212,23212432123,23214321234,121232143212,121232432123,123212343212,123212432123,123214321234,132123432123,212321234321,212321432123,212324321234,213212343212,232123432123,232124321234,1212321432123,1213212343212,1232123432123,1232124321234,2123212343212,2123212432123,2123214321234,2132123432123,12132123432123,21232123432123,21232124321234}
8 : {121232123,1212321234,1212432123,12123212343,12124321234,13212432123,121232123432,121234321234,132124321234,213212432123,1212321234321,1212324321234,1213212432123,1321234321234,2132124321234,2321234321234,12123212343212,12123212432123,12123214321234,12132124321234,12321234321234,21321234321234,121232123432123,121232124321234,121321234321234,212321234321234}
9 : {1212321234321234}

