Coxeter Matrix:

[1 3 2 2]
[3 1 3 3]
[2 3 1 2]
[2 3 2 1]



Left cells:

 0 : {}
 1 : {1,31,231,431}
 2 : {2,32,132,432}
 3 : {3,13,23,43}
 4 : {4,34,134,234}
 5 : {12,312,4312}
 6 : {14,314,2314}
 7 : {24,324,1324}
 8 : {123,3123,43123}
 9 : {124,3124,13124,23124,34312,123124,134312,234312,1234312,31234312}
10 : {131,1231,1431,12431,23123,31431,231431,243123,312431,1312431,2312431,3243123,12312431,13243123}
11 : {143,3143,23143}
12 : {232,1232,2432,12432,13123,32432,132432,143123,312432,1312432,2312432,3143123,12312432,23143123}
13 : {243,3243,13243}
14 : {343,1343,2343,12343,13143,23243,123143,123243,312343,1312343,2312343,3431234,13431234,23431234}
15 : {1234,31234,431234}
16 : {1243,31243,131243,231243,343123,1231243,1343123,2343123,12343123,312343123}
17 : {1312,2312,12312,14312,24312,124312,314312,324312,1324312,2314312,3124312,13124312,23124312,123124312}
18 : {1314,3431,12314,13431,23431,123431,231234,232431,1232431,2431234,3123431,13123431,32431234,132431234}
19 : {1432,31432,231432}
20 : {2324,3432,12324,13432,23432,123432,131234,131432,1231432,1431234,3123432,23123432,31431234,231431234}
21 : {2431,32431,132431}
22 : {123123,1243123,31243123}
23 : {131431,1231431,23123431}
24 : {232432,1232432,13123432}
25 : {1231234,12431234,312431234}
26 : {1314312,12314312,231234312}
27 : {2324312,12324312,131234312}
28 : {12312343,123431234,3123431234}
29 : {13143123,123143123,2312343123}
30 : {23243123,123243123,1312343123}
31 : {123123431,232431234,1232431234,13123431234}
32 : {123123432,131431234,1231431234,23123431234}
33 : {131243123,231243123,1231243123,12312343123}
34 : {1231234312,1312431234,2312431234,12312431234}
35 : {123123431234}


2-sided cells:

 0 : {}
 1 : {1,2,3,4,13,23,31,32,34,43,132,134,231,234,431,432}
 2 : {12,123,312,1234,3123,4312,31234,43123,431234}
 3 : {14,143,314,1432,2314,3143,23143,31432,231432}
 4 : {24,243,324,1324,2431,3243,13243,32431,132431}
 5 : {124,131,232,343,1231,1232,1243,1312,1314,1343,1431,2312,2324,2343,2432,3124,3431,3432,12312,12314,12324,12343,12431,12432,13123,13124,13143,13431,13432,14312,23123,23124,23243,23431,23432,24312,31243,31431,32432,34312,123124,123143,123243,123431,123432,124312,131234,131243,131432,132432,134312,143123,231234,231243,231431,232431,234312,243123,312343,312431,312432,314312,324312,343123,1231243,1231432,1232431,1234312,1312343,1312431,1312432,1324312,1343123,1431234,2312343,2312431,2312432,2314312,2343123,2431234,3123431,3123432,3124312,3143123,3243123,3431234,12312431,12312432,12343123,13123431,13124312,13243123,13431234,23123432,23124312,23143123,23431234,31234312,31431234,32431234,123124312,132431234,231431234,312343123}
 6 : {123123,1231234,1243123,12312343,12431234,31243123,123431234,312431234,3123431234}
 7 : {131431,1231431,1314312,12314312,13143123,23123431,123143123,231234312,2312343123}
 8 : {232432,1232432,2324312,12324312,13123432,23243123,123243123,131234312,1312343123}
 9 : {123123431,123123432,131243123,131431234,231243123,232431234,1231234312,1231243123,1231431234,1232431234,1312431234,2312431234,12312343123,12312431234,13123431234,23123431234}
10 : {123123431234}

